# Enter omega1 and omega2: # Enter tf and dt: o1 = 1.000000 	 o2 = 1.000000
t0 = 0.000000 	 tf  = 10.000000 	 dt = 0.010000
T1 = 6.283184 	 T2 = 6.283184
